  0.995  0.240  0.514 -0.652    0.788  0.188  0.219 -0.542
  0.786  0.376 -0.320 -0.362    0.822  0.169 -0.416 -0.481
  0.676 -0.051 -0.458  0.022    0.564  0.004 -0.263 -0.071
  0.613 -0.167 -0.049 -0.320    0.573 -0.060 -0.262 -0.115
  0.734  0.392  0.030 -0.374    0.586  0.074 -0.139 -0.275
  0.529 -0.129  0.140  0.021    0.511  0.065  0.101 -0.054
  1.244 -0.878  0.688  0.244    1.164 -0.955  0.433  0.111
  1.045  0.422  0.696  0.431    1.118  0.468  0.856  0.233
  1.168 -0.694  0.772 -0.209    0.759 -0.382  0.421 -0.098
  1.183 -0.966  0.212  0.422    1.675 -1.374  0.177  0.802
  1.160  0.112  0.938  0.456    0.977  0.184  0.801  0.191
  0.620  0.034 -0.365  0.076    0.621  0.258 -0.149  0.232
  0.979  0.776  0.297 -0.156    1.047  0.722  0.448 -0.362
  1.367  0.375  0.742  0.966    1.674  0.404  0.749  1.354
  1.811  0.528  0.027  1.660    1.404  0.571 -0.024  1.184
  0.842  0.090 -0.632  0.239    0.832  0.325 -0.563  0.161
  1.119 -0.889  0.394  0.252    1.453 -1.179  0.404  0.561
  1.236 -0.316 -1.083  0.106    1.233 -0.534 -0.974  0.209
  1.570 -0.452  0.275  1.394    1.803 -0.271  0.304  1.686
  0.958 -0.303 -0.606  0.463    1.504 -0.508 -1.141  0.677
  1.098 -0.337  0.905  0.174    1.168 -0.294  0.923  0.425
  1.232 -0.005  0.516  1.004    1.456  0.136  0.412  1.299
  1.175 -1.038  0.190 -0.151    1.083 -0.959  0.019 -0.095
  1.377  1.153 -0.026  0.568    1.421  1.267  0.120  0.395
  1.142 -0.300 -0.807  0.565    1.086 -0.432 -0.799  0.332
  0.713 -0.472 -0.132  0.155    1.043 -0.781 -0.318  0.366
  1.038  0.301 -0.824  0.251    1.411  0.644 -1.139  0.188
  0.844 -0.434 -0.143 -0.510    1.004 -0.395 -0.394 -0.674
  0.832  0.489 -0.212 -0.404    0.908  0.351 -0.325 -0.594
  1.295 -0.113 -0.148  1.183    1.166 -0.064 -0.348  0.995
  1.591  0.461 -0.066  1.439    1.007  0.268 -0.067  0.833
  1.563  0.404  1.334  0.506    1.073  0.358  0.821  0.324
  1.077  0.668 -0.091  0.681    1.546  0.877 -0.228  1.151
  0.987  0.169  0.136 -0.827    0.718 -0.005  0.036 -0.520
  1.248 -0.048 -1.041 -0.478    0.995  0.009 -0.687 -0.524
  0.514  0.066  0.093 -0.084    0.582 -0.078  0.296 -0.031
  0.822  0.441  0.292 -0.390    0.791  0.200  0.371 -0.453
  0.745 -0.036 -0.202  0.519    1.147 -0.093 -0.304  0.985
  1.311  0.145  0.931  0.767    1.210  0.368  0.883  0.553
  0.670  0.240  0.289  0.254    0.960  0.338  0.600  0.451
  0.964  0.527 -0.397  0.499    1.196  0.529 -0.437  0.846
  0.547  0.154  0.096 -0.150    0.650  0.034  0.228 -0.355
  1.018 -0.273 -0.847  0.021    1.256 -0.531 -0.990  0.269
  1.475 -0.130  0.775  1.146    0.927 -0.080  0.452  0.636
  1.171  0.117 -0.811  0.676    1.839  0.163 -1.413  1.056
  1.308  0.118 -0.520  1.087    2.035  0.068 -0.847  1.782
  1.176 -0.927 -0.071  0.524    1.356 -1.190  0.053  0.419
  0.960 -0.192 -0.254  0.760    1.538 -0.416 -0.560  1.279
  0.888  0.152  0.595 -0.408    1.234  0.026  0.954 -0.607
  0.589 -0.039  0.032  0.318    0.688 -0.274  0.098  0.380
  0.671 -0.332  0.298 -0.089    0.930 -0.684  0.392 -0.026
  1.074  0.836 -0.385 -0.249    1.324  1.127 -0.261 -0.415
  1.621  0.209  0.114  1.525    1.402  0.031 -0.066  1.310
  0.956  0.467  0.388  0.549    1.491  0.854  0.697  0.873
  1.222  0.685 -0.828  0.306    1.588  0.804 -1.077  0.687
  0.978 -0.216 -0.688 -0.438    1.192 -0.038 -0.855 -0.667
  1.581  0.270  0.986  1.100    1.038  0.176  0.671  0.593
  1.782 -1.230 -0.560  1.051    1.132 -0.810 -0.268  0.556
  0.700 -0.174  0.458 -0.081    0.964 -0.340  0.712 -0.252
  1.079 -0.875  0.016  0.392    1.465 -1.225  0.228  0.592
  0.795  0.213  0.243  0.533    1.100  0.190  0.536  0.802
  0.918  0.115  0.201 -0.738    0.890  0.114 -0.072 -0.728
  1.269 -0.248  0.963  0.613    1.772 -0.381  1.277  1.058
  1.504 -0.141  0.909  1.082    1.381 -0.340  0.704  1.026
  1.237  0.618  0.829 -0.466    1.061  0.673  0.592 -0.280
  1.016  0.639  0.240 -0.569    0.791  0.304  0.156 -0.514
  1.174  0.211  0.401  0.964    1.549  0.096  0.426  1.401
  0.854  0.451  0.021  0.530    0.883  0.634  0.061  0.361
  1.583  0.750 -0.323  1.263    1.154  0.544 -0.394  0.798
  1.087 -0.602 -0.424 -0.628    1.029 -0.649 -0.179 -0.601
  0.958 -0.795  0.160 -0.130    1.318 -1.134  0.152 -0.429
  1.072 -0.615 -0.632  0.356    0.889 -0.513 -0.316  0.429
  1.360 -0.259 -0.965  0.780    1.607 -0.176 -1.027  1.119
  0.933  0.391 -0.620  0.298    0.813  0.437 -0.471  0.071
  1.150 -0.423  0.698  0.643    1.613 -0.327  1.185  0.921
  1.243 -0.156  0.090  1.127    1.485 -0.540  0.145  1.284
  0.822 -0.561  0.153  0.306    0.619 -0.349 -0.021  0.133
  1.317  0.664  0.773 -0.672    0.855  0.361  0.407 -0.437
  0.618 -0.317 -0.117 -0.157    0.892 -0.541 -0.405 -0.309
  0.554 -0.147 -0.041 -0.200    0.549  0.105  0.017 -0.216
  0.803 -0.383 -0.212  0.458    1.019 -0.400 -0.582  0.545
  1.027 -0.422  0.664  0.438    1.509 -0.553  1.169  0.600
  0.868 -0.150 -0.697  0.036    0.941  0.007 -0.787 -0.150
  0.644 -0.272 -0.049  0.307    0.866 -0.587  0.001  0.403
  1.095  0.312  0.638 -0.672    1.087  0.375  0.428 -0.784
  1.594 -0.366  1.211  0.835    1.095 -0.134  0.761  0.598
  1.752 -0.418  1.288  0.995    1.185 -0.216  0.761  0.732
  1.866  0.070 -0.072  1.796    1.555  0.030  0.150  1.467
  1.411 -0.815 -1.013  0.237    1.162 -0.493 -0.869  0.331
  1.159  0.031 -0.677  0.801    1.196 -0.112 -0.850  0.672
  0.618  0.016 -0.192  0.318    0.580 -0.248 -0.129  0.121
  1.270  1.071 -0.044 -0.471    0.925  0.693  0.089 -0.351
  1.330 -0.873  0.737  0.467    1.262 -0.738  0.609  0.659
  1.373  1.235  0.338  0.025    0.976  0.803  0.205  0.148
  0.914  0.363  0.430 -0.524    0.655  0.234  0.127 -0.338
  1.013 -0.091 -0.320 -0.820    0.747 -0.114 -0.315 -0.449
  0.713  0.384 -0.007  0.342    0.858  0.511  0.243  0.416
  1.210  0.788 -0.146  0.760    1.811  1.270 -0.093  1.189
  0.644 -0.385 -0.101 -0.110    0.740 -0.409 -0.058 -0.364
  0.970 -0.771  0.314 -0.060    0.951 -0.664  0.351 -0.311
  1.589 -1.219  0.548  0.704    1.016 -0.737  0.309  0.387
  1.582  0.573  1.326  0.415    1.214  0.332  0.946  0.475
  1.385 -1.059 -0.679  0.304    1.073 -0.721 -0.616  0.093
  1.530  0.485  0.112  1.360    1.864  0.351  0.201  1.752
  1.192 -0.275 -0.953  0.439    1.412 -0.235 -1.103  0.691
  1.711 -0.896 -0.269  1.345    1.348 -0.588 -0.104  1.102
  1.018 -0.516 -0.649 -0.326    1.140 -0.463 -0.896 -0.200
  1.042 -0.757  0.033  0.519    1.224 -1.057 -0.052  0.366
  1.368  0.385 -0.443  1.133    1.627  0.221 -0.596  1.415
  1.058 -0.615 -0.468  0.527    1.486 -1.069 -0.534  0.732
  0.806 -0.002 -0.571  0.284    0.652 -0.092 -0.285  0.303
  1.320 -0.349  0.007  1.174    1.182 -0.424  0.226  0.961
  0.662  0.196 -0.333 -0.214    0.922  0.468 -0.496 -0.375
  1.329  0.435  0.343  1.103    2.013  0.748  0.376  1.763
  0.898 -0.683  0.309  0.004    1.347 -1.050  0.672  0.138
  0.906 -0.120 -0.629 -0.410    1.279 -0.033 -1.044 -0.550
  1.017 -0.574 -0.673  0.094    1.366 -0.789 -0.990 -0.141
  0.530 -0.014 -0.165  0.097    0.673 -0.029 -0.455 -0.038
  0.887 -0.670  0.181  0.250    0.798 -0.607  0.160 -0.004
  1.523  1.399 -0.342 -0.041    0.977  0.816 -0.214  0.006
  1.332  1.064 -0.617  0.132    1.060  0.869 -0.352 -0.041
  1.005  0.730  0.403 -0.264    1.271  1.033  0.536 -0.135
  1.065 -0.055 -0.937 -0.094    1.185  0.137 -1.066  0.067
  0.965  0.477  0.021  0.678    0.761  0.166 -0.071  0.550
  0.761 -0.520 -0.194 -0.165    1.134 -0.917 -0.180 -0.411
  1.112  0.410 -0.135 -0.898    0.910  0.375 -0.246 -0.619
  0.761  0.422  0.364 -0.161    1.183  0.840  0.577 -0.343
  0.849  0.575 -0.376  0.073    0.946  0.691 -0.378 -0.173
  2.061  0.480  0.197  1.933    1.275  0.253  0.128  1.141
  1.179  0.792  0.665  0.276    1.158  0.919  0.473  0.173
  1.452  0.055 -1.001  0.927    1.541 -0.159 -1.202  0.813
  1.186 -0.536  0.882 -0.314    0.910 -0.458  0.606 -0.089
  0.855 -0.443 -0.436  0.318    1.181 -0.566 -0.715  0.565
  1.087 -0.268 -0.215  0.905    0.858 -0.047 -0.072  0.697
  1.565  0.497 -1.007  0.972    1.253  0.453 -0.869  0.603
  1.206 -0.064  0.991 -0.474    0.819  0.025  0.562 -0.332
  1.959  0.219 -0.560  1.798    1.446 -0.015 -0.415  1.294
  1.190 -0.270  0.734 -0.749    0.968 -0.123  0.449 -0.690
  0.843  0.550 -0.245  0.324    0.843  0.410 -0.414  0.358
  1.102  0.860 -0.364 -0.316    1.094  0.762 -0.284 -0.541
  0.616 -0.313 -0.180  0.069    0.633 -0.147 -0.361  0.069
  0.648  0.232 -0.312 -0.160    1.034  0.417 -0.686 -0.424
  0.997 -0.323  0.789 -0.151    1.368 -0.571  1.141  0.009
  0.693  0.458  0.149 -0.067    0.672  0.445 -0.101  0.001
  1.208 -0.093 -1.028  0.389    1.013  0.089 -0.772  0.423
  1.236 -0.150  0.904  0.666    0.913 -0.103  0.504  0.570
  0.619 -0.158  0.312  0.128    0.881 -0.209  0.577  0.393
  1.005  0.086  0.165  0.855    1.403 -0.082  0.145  1.302
  1.130  0.901  0.282  0.375    1.016  0.654  0.312  0.513
  1.431  0.283 -1.310 -0.092    1.186  0.375 -0.985 -0.231
  1.008  0.184 -0.499  0.700    1.138  0.026 -0.438  0.927
  1.053  0.136 -0.720 -0.573    0.926  0.280 -0.648 -0.340
  0.648  0.407  0.102  0.013    0.521  0.119  0.115 -0.015
  0.570 -0.195  0.134 -0.159    0.692 -0.467  0.076 -0.106
  1.036  0.470 -0.776 -0.081    0.951  0.439 -0.625 -0.276
  1.498  0.769 -0.041  1.186    1.203  0.658  0.193  0.856
  1.891 -0.202  1.015  1.504    1.423  0.023  0.756  1.099
  1.467  0.076 -0.419  1.314    1.807  0.108 -0.268  1.714
  0.933  0.668 -0.240 -0.350    0.773  0.381 -0.283 -0.359
  2.067 -0.606  0.318  1.887    0.969 -0.240  0.129  0.788
  1.414 -0.040 -1.170  0.622    1.037  0.040 -0.710  0.571
  1.049 -0.354  0.129 -0.846    0.885 -0.281 -0.115 -0.669
  1.076  0.428 -0.475 -0.711    0.894  0.193 -0.295 -0.656
  0.726 -0.107 -0.402 -0.332    0.715  0.035 -0.221 -0.466
  0.896 -0.265 -0.695  0.077    1.267 -0.341 -1.114  0.055
  0.988  0.692 -0.066  0.499    0.874  0.635 -0.212  0.267
  0.725 -0.261 -0.457  0.072    1.081 -0.450 -0.825  0.207
  0.939  0.511  0.600 -0.134    1.320  0.609  1.050 -0.162
  0.947 -0.130 -0.338 -0.722    0.762 -0.227 -0.103 -0.524
  0.969  0.312  0.005 -0.774    0.802  0.192 -0.184 -0.573
  1.298 -0.561  0.995 -0.366    0.926 -0.581  0.481 -0.210
  1.481  0.272  0.232  1.350    1.125  0.028  0.218  0.987
  1.131 -0.167  0.335  0.947    0.753 -0.108  0.225  0.511
  0.927  0.118  0.741 -0.227    0.853  0.323  0.601 -0.134
  1.623 -0.909  0.781  0.977    1.137 -0.598  0.595  0.581
  1.106 -0.924  0.079 -0.345    0.683 -0.411 -0.049 -0.228
  0.972 -0.363  0.488  0.575    1.405 -0.530  0.910  0.788
  1.107 -0.025  0.550  0.823    1.397 -0.093  0.515  1.198
  1.445  0.259  0.571  1.204    1.338  0.226  0.308  1.183
  1.184 -0.052  0.255  1.045    0.811 -0.073  0.063  0.637
  1.292 -0.976 -0.620  0.296    1.018 -0.607 -0.571  0.315
  0.640  0.004  0.314 -0.261    0.681 -0.027  0.465 -0.055
  0.900 -0.584  0.475 -0.019    1.403 -0.990  0.846 -0.165
  1.133 -0.684  0.594 -0.467    0.829 -0.342  0.510 -0.259
  1.526 -1.333 -0.421  0.361    0.996 -0.767 -0.210  0.342
  1.073 -0.172 -0.245  0.905    1.031 -0.019 -0.044  0.903
  1.057  0.088 -0.917 -0.158    1.071  0.324 -0.888 -0.092
  1.700 -0.160  1.006  1.269    1.111 -0.083  0.549  0.826
  1.112  0.904 -0.072 -0.413    0.953  0.673  0.115 -0.445
  0.990  0.158  0.090  0.838    1.072 -0.059 -0.008  0.950
  1.419  0.147 -0.224  1.303    1.663  0.338 -0.062  1.550
  1.035 -0.289  0.631  0.587    1.205 -0.108  0.839  0.702
  1.069  0.911 -0.251 -0.067    0.982  0.838 -0.012 -0.134
  1.536  1.009 -0.574  0.877    1.029  0.471 -0.292  0.713
  0.906  0.036 -0.214  0.728    0.853  0.294 -0.182  0.604
  1.306 -0.621  0.673  0.790    0.968 -0.551  0.379  0.496
  1.069  0.226 -0.869  0.306    1.131  0.522 -0.840  0.238
  0.768 -0.495 -0.276  0.158    0.852 -0.434 -0.369  0.397
  0.884 -0.682  0.213 -0.166    0.888 -0.615  0.407 -0.000
  1.068  0.944 -0.047  0.057    1.048  0.876 -0.272  0.116
  1.069 -0.522 -0.743 -0.273    1.247 -0.720 -0.887 -0.076
  1.706  1.234  0.528  0.930    1.417  0.892  0.596  0.784
  0.672  0.079  0.326 -0.308    0.606 -0.046  0.342 -0.068
  1.260  0.144 -1.103 -0.329    0.864  0.035 -0.694 -0.142
  0.870 -0.467 -0.482 -0.249    0.584 -0.157 -0.269  0.027
  1.326  0.002  1.111 -0.529    1.037  0.096  0.880 -0.217
  1.451  0.068 -0.836  1.077    1.228 -0.160 -0.679  0.882
  1.432  0.625 -0.480  1.089    1.570  0.614 -0.773  1.117
  0.983 -0.064  0.846  0.054    1.190  0.158  1.071 -0.005
  1.237  0.630  0.675  0.660    1.063  0.378  0.508  0.697
  0.919 -0.045  0.736 -0.238    0.732 -0.192  0.499 -0.081
  0.716 -0.013  0.500  0.139    0.843  0.199  0.578  0.306
  1.427  0.370  0.107  1.282    1.212  0.486  0.144  0.984
  1.272 -0.219 -0.125  1.144    1.621 -0.510  0.004  1.457
  0.922 -0.192  0.363  0.662    1.094 -0.445  0.528  0.690
  1.106 -0.068 -0.576  0.802    1.440 -0.278 -0.744  1.095
  1.090  0.901 -0.330  0.156    0.829  0.659 -0.077  0.063
  0.619 -0.210  0.202 -0.235    0.594  0.029  0.233 -0.233
  1.087 -0.001  0.955  0.163    1.104  0.200  0.909  0.331
  1.114  0.189 -0.950 -0.245    0.813  0.241 -0.565 -0.197
  0.547  0.190  0.007 -0.140    0.614  0.116 -0.207 -0.278
  1.464  0.060  0.570  1.253    1.304 -0.133  0.383  1.137
  0.754  0.543 -0.160 -0.072    1.201  1.074 -0.210 -0.012
  1.120 -0.714 -0.697  0.120    1.007 -0.521 -0.632  0.313
  0.815 -0.014  0.444  0.472    0.946  0.219  0.537  0.562
  0.961  0.037  0.034 -0.823    0.954 -0.120  0.222 -0.776
  1.812 -0.516 -0.835  1.441    1.243 -0.239 -0.634  0.918
  1.042  0.867 -0.256 -0.158    1.243  1.094 -0.325  0.009
  1.363  0.890 -0.564  0.709    0.874  0.546 -0.254  0.396
  1.210 -0.446  0.305  0.963    1.333 -0.452  0.584  0.994
  1.451  0.152 -0.079  1.354    1.633  0.056 -0.332  1.519
  0.559  0.145 -0.117 -0.185    0.571 -0.018  0.065 -0.279
  0.589  0.042  0.161 -0.275    0.626 -0.076  0.357 -0.124
  0.660 -0.072 -0.410  0.138    0.717 -0.273 -0.377  0.231
  0.931 -0.557 -0.307  0.467    0.762 -0.511 -0.086  0.262
  1.108 -0.976  0.032  0.178    1.103 -0.902  0.211  0.339
  1.170  0.418 -0.931  0.290    1.281  0.703 -0.890  0.333
  1.313  0.014  0.452  1.130    2.024 -0.114  0.660  1.845
  1.046  0.099 -0.746  0.533    1.520 -0.083 -1.182  0.813
  0.959  0.041  0.759  0.315    0.859  0.199  0.660  0.138
  1.279  0.355  0.430  1.040    1.509  0.399  0.744  1.148
  0.982 -0.707 -0.431  0.186    0.845 -0.411 -0.491  0.246
  0.995  0.768  0.351 -0.180    1.437  1.126  0.682 -0.299
  0.734  0.537 -0.020 -0.079    0.948  0.786 -0.178  0.080
  1.275 -0.124 -1.100 -0.396    0.823 -0.012 -0.621 -0.219
  1.186  0.699  0.720  0.393    1.579  1.000  0.835  0.744
  1.133  0.526  0.495  0.720    1.314  0.813  0.403  0.812
  1.175  0.436  0.141  0.962    1.768  0.590  0.119  1.587
  1.268  1.130  0.045  0.290    0.798  0.616 -0.034  0.114
  0.960 -0.152 -0.263  0.765    0.847 -0.272 -0.329  0.541
  0.771  0.569 -0.164  0.024    0.862  0.611 -0.285 -0.213
  0.987  0.261 -0.256 -0.773    0.890  0.007 -0.173 -0.721
  0.781  0.528  0.218 -0.199    0.695  0.489  0.021 -0.024
  0.764  0.166 -0.162 -0.535    1.153  0.388 -0.292 -0.922
  0.616 -0.256 -0.244 -0.107    0.622 -0.097 -0.190 -0.312
  0.834 -0.026 -0.256 -0.621    1.102  0.040 -0.553 -0.815
  1.597  0.348 -0.740  1.280    1.152  0.290 -0.338  0.941
  0.778 -0.172 -0.073  0.571    0.842 -0.210  0.169  0.627
  0.919  0.053 -0.207 -0.745    0.834 -0.194 -0.162 -0.623
  1.774 -0.899 -0.352  1.404    1.187 -0.578 -0.205  0.888
  1.409 -0.440  0.515  1.133    1.656 -0.350  0.453  1.473
  1.942 -0.265 -0.484  1.796    1.328 -0.128 -0.183  1.213
  1.208  0.508  0.752  0.626    1.101  0.281  0.624  0.708
  0.738 -0.362 -0.214 -0.351    0.821 -0.330 -0.064 -0.563
  1.451 -0.033  0.307  1.329    1.246  0.174  0.338  1.079
  1.332 -0.096  1.159  0.419    1.035 -0.212  0.778  0.421
  0.825  0.078 -0.096  0.650    1.038 -0.011 -0.323  0.854
  0.961 -0.788  0.160  0.185    1.171 -1.053  0.138 -0.010
  0.563  0.176  0.163  0.127    0.618  0.362  0.079 -0.021
  1.475  0.675 -0.163  1.204    1.073  0.453 -0.253  0.799
  0.888 -0.711  0.189 -0.063    1.062 -0.933 -0.030 -0.112
  0.806 -0.210  0.290  0.528    0.977 -0.146  0.581  0.593
  1.107 -0.052  0.264  0.953    1.198 -0.143  0.513  0.953
  1.651 -0.073 -0.956  1.251    1.508 -0.193 -1.001  0.995
  1.408 -0.960  0.671  0.606    1.223 -0.727  0.484  0.700
  0.813  0.346  0.460  0.292    1.045  0.464  0.497  0.621
  1.065  0.692  0.624  0.150    0.992  0.748  0.378  0.194
  1.302 -0.143 -1.195 -0.037    0.941 -0.035 -0.786 -0.155
  1.643 -0.877  0.967  0.868    1.084 -0.563  0.638  0.455
  1.285  0.916 -0.148  0.739    1.256  0.812  0.077  0.818
  0.830  0.092  0.142 -0.645    1.031  0.175  0.520 -0.720
  1.640 -0.063 -0.056  1.561    1.684 -0.317  0.009  1.578
  1.249 -0.787  0.279  0.787    0.896 -0.362  0.109  0.644
  1.086  0.836  0.424 -0.240    1.233  0.883  0.697 -0.103
  1.201  1.014  0.117 -0.397    0.917  0.740  0.177 -0.140
  0.658 -0.144  0.132  0.388    0.850 -0.082  0.566  0.389
  0.621  0.336  0.094 -0.140    0.622  0.161  0.220 -0.262
  0.825 -0.085 -0.383 -0.531    1.099 -0.294 -0.584 -0.732
  1.594  0.936  0.589  1.037    1.519  1.053  0.414  0.885
  0.631  0.040  0.108 -0.375    0.800  0.221 -0.026 -0.589
  0.719  0.467 -0.232  0.034    1.030  0.739 -0.522  0.013
  1.408 -0.870 -0.096  0.986    0.959 -0.478  0.022  0.669
  0.586  0.222 -0.181  0.132    0.603  0.178  0.081  0.285
  1.005  0.721 -0.311  0.387    1.266  1.029 -0.139  0.530
  1.557  0.851  0.567  1.065    0.982  0.576  0.220  0.584
  0.963 -0.636 -0.053  0.526    1.486 -1.135 -0.147  0.809
  1.494 -1.192 -0.216  0.721    1.337 -1.131  0.026  0.513
  0.968 -0.538 -0.284 -0.569    0.992 -0.335 -0.490 -0.622
  1.009  0.029 -0.843  0.254    0.733  0.071 -0.536  0.021
  0.956 -0.383 -0.529  0.493    1.331 -0.433 -0.830  0.808
  0.983 -0.534 -0.601  0.278    1.108 -0.736 -0.496  0.442
  1.277  1.052 -0.372 -0.378    1.029  0.862 -0.094 -0.254
  0.956  0.100  0.448  0.677    0.871  0.305  0.356  0.543
  0.666 -0.339  0.155 -0.247    0.624 -0.379  0.043 -0.008
  1.092  0.762 -0.578  0.186    0.968  0.734 -0.391 -0.021
  1.107 -0.562 -0.749  0.325    1.642 -1.082 -0.950  0.616
  1.714 -1.330  0.274  0.922    0.928 -0.621  0.027  0.480
  0.970  0.531  0.269  0.586    1.083  0.742  0.410  0.459
  0.794 -0.043  0.491 -0.379    1.030  0.066  0.580 -0.690
  1.605  0.484 -1.079  0.966    1.219  0.452 -0.848  0.565
  1.255  0.244 -0.475  1.022    1.869  0.124 -1.012  1.487
  0.901 -0.206 -0.722  0.074    0.730 -0.009 -0.534 -0.057
  1.286 -0.627  0.133  1.000    1.711 -0.882  0.431  1.312
  1.473  0.597 -0.392  1.190    1.575  0.426 -0.566  1.317
  0.771  0.266 -0.216 -0.483    0.857  0.267 -0.013 -0.647
  1.196  0.854  0.656 -0.166    0.924  0.668  0.403  0.032
  0.929 -0.493  0.499  0.357    0.843 -0.436  0.514  0.115
  1.104  0.015  0.090  0.984    0.802  0.084  0.160  0.606
  0.815 -0.602  0.222 -0.096    1.087 -0.881  0.211 -0.344
  0.722  0.455  0.057  0.259    1.056  0.725  0.120  0.576
  0.919 -0.103  0.767  0.036    1.251 -0.360  1.083  0.138
  0.785 -0.461 -0.242  0.320    0.804 -0.249 -0.029  0.583
  1.540 -0.574 -0.005  1.340    1.735 -0.430  0.027  1.606
  0.607  0.063 -0.209 -0.277    0.943 -0.013 -0.737 -0.319
  1.067 -0.264  0.583 -0.696    0.751 -0.212  0.258 -0.456
  0.714  0.137  0.234 -0.439    0.973  0.125  0.549 -0.621
  1.405  0.199 -0.260  1.274    1.341  0.160 -0.509  1.126
  1.000 -0.241  0.174 -0.817    0.932 -0.270 -0.060 -0.740
  1.303 -0.023 -0.146  1.197    1.032 -0.152 -0.219  0.866
  1.335  0.015 -1.217 -0.238    0.990  0.004 -0.796 -0.319
  1.659  0.070 -0.959  1.259    1.431  0.147 -0.637  1.174
  0.797  0.397 -0.277 -0.397    0.578  0.227 -0.071 -0.185
  1.440 -1.124  0.255  0.709    1.234 -0.891  0.422  0.554
  0.760  0.008  0.271 -0.511    0.900 -0.188  0.486 -0.542
  1.274 -0.079 -1.146 -0.241    0.989  0.101 -0.848 -0.077
  1.103  0.654 -0.361 -0.643    1.170  0.841 -0.445 -0.468
  0.878  0.647 -0.326 -0.045    0.982  0.719 -0.334 -0.303
  0.779 -0.068  0.525  0.289    0.986 -0.272  0.608  0.534
  0.738  0.152  0.445 -0.282    0.610  0.146  0.327 -0.019
  0.671 -0.034 -0.344  0.295    0.879 -0.072 -0.489  0.533
  0.591 -0.144 -0.286 -0.059    0.766 -0.272 -0.426 -0.297
  0.807 -0.519  0.359  0.099    0.589 -0.287  0.138  0.036
  0.938  0.426 -0.266  0.620    0.607  0.159 -0.119  0.292
  1.299  0.713 -0.962  0.111    1.176  0.692 -0.803 -0.125
  1.319 -0.019 -0.751  0.965    1.314 -0.256 -0.682  0.975
  1.361 -0.319  0.755  0.968    0.878 -0.148  0.433  0.564
  1.666 -0.612 -0.703  1.289    1.330 -0.314 -0.628  1.016
  1.109  0.671  0.732 -0.029    1.140  0.679  0.737  0.227
  1.186  0.613  0.879 -0.116    1.016  0.373  0.805 -0.032
  1.169  0.120 -0.908 -0.533    1.010  0.072 -0.842 -0.246
  1.116 -0.159 -0.980  0.133    1.165  0.032 -1.033  0.214
  1.381  0.155 -0.033  1.280    2.102  0.360 -0.053  2.010
  1.007 -0.240  0.485 -0.691    0.908 -0.122  0.590 -0.468
  0.711  0.080  0.018  0.506    0.976  0.418  0.138  0.718
  1.428  0.875 -0.031  1.014    1.609  0.977  0.228  1.157
  0.794 -0.253  0.176 -0.541    0.722  0.013  0.148 -0.506
  1.199 -0.144 -0.701  0.826    1.542 -0.150 -1.051  1.003
  1.918 -0.074 -0.370  1.814    1.248 -0.049 -0.142  1.136
  0.979 -0.143  0.416  0.721    1.067 -0.167  0.666  0.650
  0.511 -0.014 -0.103 -0.083    0.655 -0.035 -0.340 -0.261
  1.560  0.940 -0.258  1.114    1.092  0.604 -0.033  0.763
  1.316 -0.596  0.636  0.854    1.343 -0.547  0.450  1.029
  0.854 -0.059  0.677  0.154    0.711 -0.037  0.473  0.193
  0.590  0.081 -0.310 -0.045    0.649 -0.165 -0.384  0.049
  1.030 -0.480 -0.144  0.752    1.231 -0.597 -0.406  0.866
  1.439  0.003  0.339  1.309    1.226  0.059  0.483  1.011
  1.230  0.831 -0.538  0.539    1.143  0.808 -0.573  0.286
  1.391  0.318 -1.089  0.635    1.096  0.286 -0.698  0.624
  0.952  0.553 -0.262  0.537    1.013  0.544 -0.055  0.696
  0.864 -0.108  0.045 -0.700    1.166 -0.137 -0.096 -1.043
  0.633  0.003  0.083  0.387    0.664  0.180  0.022  0.405
  0.913 -0.473  0.354  0.491    1.007 -0.720  0.240  0.441
  1.638 -0.285 -0.767  1.330    1.474 -0.245 -0.869  1.055
  1.129  0.609 -0.789 -0.193    1.231  0.831 -0.761  0.009
  0.605 -0.197 -0.160 -0.242    0.553  0.038 -0.245 -0.036
  1.468  0.829  0.573  0.946    1.116  0.598  0.550  0.584
  0.756 -0.019  0.569 -0.060    0.643  0.087  0.386  0.113
  0.822  0.493  0.425  0.088    1.147  0.900  0.508  0.056
  0.945 -0.452  0.356 -0.565    0.818 -0.282  0.084 -0.582
  1.151 -0.801  0.444  0.492    1.238 -0.995  0.295  0.460
  1.799  1.424 -0.110  0.976    1.309  0.917 -0.181  0.773
  0.944  0.341 -0.718 -0.130    1.109  0.608 -0.784  0.002
  1.395  0.225  0.958  0.856    1.456  0.405  0.833  1.009
  1.511  0.737  0.040  1.222    1.781  0.986 -0.171  1.388
  0.763  0.062  0.325 -0.478    0.556  0.042  0.188 -0.168
  1.250 -0.240 -0.333  1.073    1.759 -0.533 -0.631  1.472
  1.162 -0.631 -0.755  0.374    1.453 -0.729 -0.920  0.701
  0.913 -0.707 -0.179 -0.244    1.350 -1.188 -0.221 -0.345
  1.184  0.777  0.454  0.589    1.188  0.650  0.374  0.779
  0.891  0.692  0.261 -0.058    0.931  0.768  0.066 -0.170
  0.866 -0.243 -0.477  0.470    1.165 -0.390 -0.836  0.511
  1.144  0.454 -0.685  0.624    0.874  0.355 -0.346  0.524
  0.788  0.032 -0.184 -0.585    0.692 -0.114  0.006 -0.471
  1.027 -0.790 -0.324  0.285    0.902 -0.606 -0.439  0.098
  0.842 -0.151  0.229 -0.625    1.180 -0.432  0.293 -0.935
  1.591 -0.845  0.848  0.924    1.310 -0.772  0.786  0.508
  0.706  0.016 -0.478  0.160    1.051  0.084 -0.712  0.589
  0.716  0.140 -0.170  0.469    0.743 -0.082 -0.308  0.455
  1.560  1.445 -0.052  0.313    1.059  0.932 -0.025  0.086
  1.295  0.320 -1.045  0.489    0.944  0.150 -0.652  0.448
  1.016  0.854  0.126  0.207    1.546  1.410  0.070  0.390
  0.647  0.256  0.246  0.222    0.857  0.363  0.271  0.535
  0.716 -0.412  0.294  0.116    0.966 -0.542  0.621  0.101
  1.583  0.216  1.362  0.600    1.144  0.202  0.980  0.253
  1.284 -0.458 -0.483  0.981    1.596 -0.743 -0.532  1.212
  1.241  0.280 -0.134  1.095    2.034  0.497 -0.100  1.907
  1.055  0.913 -0.160 -0.097    0.787  0.551 -0.196 -0.183
  0.634  0.300 -0.106 -0.239    0.910  0.564 -0.283 -0.431
  1.090 -0.491  0.758 -0.361    0.931 -0.387  0.663 -0.185
  1.006  0.582 -0.150  0.638    1.096  0.783 -0.279  0.517
  1.294 -0.973 -0.016  0.697    0.937 -0.680 -0.154  0.385
  1.273  0.144 -0.444  1.077    1.319 -0.126 -0.311  1.177
  0.745 -0.481  0.247 -0.140    0.619 -0.229  0.294  0.021
  0.807  0.547 -0.321  0.064    0.971  0.818 -0.171  0.022
  1.583  1.021  0.371  1.040    1.493  1.105  0.220  0.846
  1.441  1.068 -0.832  0.010    0.926  0.648 -0.440  0.005
  1.372  0.559 -1.037  0.501    1.074  0.320 -0.711  0.549
  0.609  0.277 -0.186  0.124    0.852  0.571 -0.377  0.120
  1.176  0.050  0.984  0.408    1.188  0.013  0.878  0.630
  0.959  0.518  0.062  0.637    1.450  0.753  0.239  1.112
  0.571 -0.082 -0.154  0.228    0.620 -0.064  0.059  0.365
  1.502  0.454 -0.405  1.282    1.951  0.428 -0.717  1.693
  0.652  0.152  0.304 -0.258    0.863  0.185  0.316 -0.606
  0.930  0.612 -0.337  0.364    0.599  0.254 -0.159  0.160
  0.966 -0.313 -0.768 -0.030    0.886 -0.354 -0.600 -0.233
  1.038 -0.325 -0.784 -0.339    1.063 -0.405 -0.830 -0.182
  1.303  0.831  0.550  0.680    1.333  0.865  0.322  0.826
  1.388  0.895 -0.939  0.001    1.271  0.801 -0.835 -0.176
  1.360 -0.324  0.256  1.198    1.337 -0.551  0.251  1.084
  0.921 -0.521  0.187 -0.547    1.055 -0.774  0.001 -0.519
  0.632  0.386  0.086 -0.004    0.731  0.468  0.011  0.268
  0.873 -0.321  0.321 -0.560    0.747 -0.337  0.352 -0.277
  1.765 -0.664 -0.106  1.556    1.390 -0.642 -0.051  1.128
  0.580 -0.094 -0.208 -0.202    0.699  0.079 -0.453 -0.180
  1.241 -0.064  1.137  0.023    0.968  0.132  0.822 -0.006
  1.174 -0.970 -0.306  0.315    1.113 -0.784 -0.380  0.486
  1.600 -0.173 -0.001  1.512    1.353 -0.040 -0.177  1.247
  1.038  0.355  0.695  0.473    1.272  0.332  0.786  0.804
  1.060 -0.151  0.719  0.583    1.629 -0.227  1.256  0.885
  1.368 -0.371  1.044  0.632    1.220 -0.112  1.013  0.453
  0.860 -0.587 -0.210 -0.327    0.748 -0.328 -0.241 -0.388
  1.608  0.086  0.295  1.499    1.795  0.136  0.560  1.627
  1.004  0.381 -0.732  0.288    0.979  0.567 -0.563  0.275
  0.671  0.152  0.211 -0.373    0.868  0.322  0.475 -0.425
  1.182  0.995 -0.189  0.359    0.932  0.663 -0.052  0.428
  0.879 -0.559 -0.286 -0.367    1.157 -0.928 -0.348 -0.334
  1.047  0.053  0.480 -0.787    1.001  0.241  0.522 -0.655
  0.819 -0.352 -0.140  0.533    0.628 -0.150 -0.185  0.306
  0.839 -0.256 -0.235 -0.582    1.099 -0.563 -0.240 -0.768
  0.862  0.612  0.232 -0.266    0.683  0.339  0.094 -0.313
  1.448  0.420  0.144  1.286    1.120  0.290 -0.072  0.960
  0.918  0.148  0.739  0.175    0.631  0.095  0.355  0.140
  0.715 -0.079 -0.167 -0.484    0.911  0.106 -0.061 -0.756
  0.749 -0.555  0.053  0.082    0.807 -0.530  0.219  0.279
  0.699  0.189  0.328  0.318    0.792  0.361  0.187  0.467
  1.747  0.126  0.414  1.619    1.322 -0.081  0.210  1.205
  0.976  0.184  0.805 -0.161    1.194  0.496  0.936 -0.244
  1.553  0.559 -1.042  0.879    1.264  0.355 -0.737  0.827
  0.573  0.268 -0.104 -0.047    0.801  0.576 -0.256  0.016
  0.962  0.217  0.733  0.310    1.379  0.180  1.229  0.340
  0.659 -0.032  0.150  0.409    0.811 -0.131 -0.032  0.628
  1.989  0.578 -1.015  1.533    1.400  0.298 -0.753  1.030
  1.366  1.121 -0.517  0.317    1.036  0.865 -0.254  0.126
  0.894 -0.165  0.635  0.354    0.790 -0.012  0.435  0.438
  1.008 -0.043  0.664  0.573    1.281  0.148  0.987  0.633
  0.879  0.537  0.478 -0.108    0.893  0.681  0.300  0.005
  1.239 -0.536 -0.951  0.316    0.987 -0.286 -0.801  0.083
  0.608  0.162  0.290 -0.124    0.735  0.278  0.258 -0.390
  1.136  0.926 -0.367  0.235    0.825  0.608 -0.259  0.009
  1.197  0.133  0.307  1.038    1.222 -0.049  0.513  0.992
  1.055  0.378 -0.082  0.849    0.731  0.105  0.054  0.526
  1.322  0.587  0.499  0.954    0.982  0.244  0.310  0.752
  1.530  0.851 -0.914  0.734    1.632  0.974 -0.759  0.947
  1.041  0.828  0.393 -0.016    1.404  1.198  0.488  0.233
  1.173  0.807 -0.653  0.231    1.257  0.921 -0.538  0.445
  1.349  0.145  1.134  0.521    0.997  0.214  0.805  0.239
  1.122 -0.887  0.460  0.129    1.016 -0.709  0.530 -0.063
  1.390 -1.242 -0.300  0.231    1.107 -0.930 -0.341  0.010
  0.954 -0.096 -0.336  0.738    1.208 -0.322 -0.439  0.958
  0.814 -0.440  0.242 -0.409    1.011 -0.607  0.552 -0.324
  1.577  1.415  0.315  0.375    1.275  1.053  0.444  0.276
  0.974 -0.078  0.834  0.048    0.657  0.062  0.422  0.078
  0.741  0.194  0.510  0.087    1.000  0.241  0.754  0.362
  1.754  0.298  0.866  1.412    1.396  0.382  0.771  0.982
  1.064  0.488 -0.474  0.652    0.874  0.527 -0.274  0.408
  1.441 -0.453 -0.635  1.106    0.845 -0.240 -0.173  0.618
  0.931  0.337  0.340  0.627    0.942  0.493  0.143  0.617
  1.195 -0.872 -0.416  0.500    1.506 -0.980 -0.736  0.724
  1.228 -0.799  0.767  0.198    1.145 -0.575  0.814  0.271
  1.441  1.168  0.180  0.660    0.986  0.785  0.139  0.304
  1.176 -0.536 -0.654  0.651    1.231 -0.330 -0.814  0.708
  1.028 -0.772 -0.272 -0.378    1.002 -0.599 -0.286 -0.566
  1.037 -0.433  0.795  0.112    0.730 -0.197  0.480  0.143
  1.568 -0.552 -1.149  0.768    1.235 -0.384 -0.976  0.426
  1.252  0.508 -0.325  0.980    0.955  0.372 -0.386  0.617
  0.994 -0.319 -0.622 -0.506    0.709 -0.177 -0.427 -0.213
  1.600  1.493 -0.236  0.180    1.155  1.042 -0.058  0.005
  1.002 -0.077  0.859 -0.127    1.322 -0.316  1.185 -0.028
  1.084  0.888 -0.174  0.336    1.035  0.876  0.056  0.236
  1.229 -0.147 -0.950  0.584    1.113 -0.047 -0.730  0.677
  1.582 -0.144  0.359  1.453    1.444 -0.045  0.538  1.245
  0.698  0.107  0.435  0.208    0.745  0.356  0.416  0.107
  1.435  0.517  0.662 -1.053    0.716  0.146  0.255 -0.427
  1.327 -0.353  0.742  0.917    1.623 -0.830  0.799  1.031
  0.640 -0.183 -0.354  0.089    0.582 -0.149 -0.138  0.233
  0.983  0.842  0.107 -0.045    1.101  0.921 -0.039 -0.344
  0.667 -0.057  0.426  0.128    0.610 -0.105  0.220  0.261
  0.633  0.001 -0.396  0.032    0.632 -0.186 -0.305  0.166
  0.969 -0.634  0.541 -0.031    1.076 -0.482  0.812 -0.148
  1.082 -0.909 -0.162  0.273    0.691 -0.474  0.023  0.098
  0.869 -0.077  0.663  0.258    1.026  0.074  0.890  0.113
  1.519  0.966  0.860  0.625    1.299  0.838  0.550  0.662
  1.020 -0.711  0.486  0.234    1.331 -0.939  0.583  0.553
  1.547  0.244  1.408  0.328    1.072  0.027  0.928  0.209
  0.658  0.201  0.324  0.210    0.920  0.484  0.410  0.447
  0.743 -0.049 -0.261 -0.488    0.656 -0.035 -0.357 -0.240
  0.663  0.195 -0.395 -0.041    0.592  0.094 -0.123  0.288
  1.154  0.602  0.670  0.526    1.657  0.821  1.163  0.691
  1.345  0.657 -0.829  0.668    0.970  0.515 -0.458  0.472
  1.501 -0.718  0.051  1.220    1.461 -0.466 -0.036  1.293
  1.281 -0.504  0.727  0.784    1.565 -0.700  0.703  1.105
  1.251  0.634  0.211  0.935    1.778  0.829  0.514  1.403
  0.865 -0.410  0.528 -0.241    0.783 -0.255  0.551 -0.024
  1.441 -0.161  0.934  0.967    1.426 -0.300  1.055  0.765
  0.882 -0.092 -0.724 -0.039    1.051 -0.363 -0.854 -0.017
  1.015 -0.315 -0.441  0.702    0.899 -0.263 -0.555  0.432
  1.787  0.154  0.027  1.710    1.353  0.125 -0.116  1.248
  1.115  0.343 -0.914 -0.215    1.304  0.172 -1.151 -0.319
  1.809 -0.627  0.964  1.306    1.187 -0.399  0.540  0.845
  0.652  0.209 -0.010 -0.370    0.833  0.216  0.198 -0.604
  0.907 -0.241  0.709  0.132    1.404 -0.445  1.205  0.280
  1.094 -0.592 -0.538 -0.560    0.930 -0.563 -0.482 -0.268
  1.229 -0.736 -0.836  0.159    0.805 -0.428 -0.470  0.020
  1.025 -0.803 -0.354 -0.192    1.128 -0.787 -0.623 -0.139
  1.070  0.786 -0.219  0.485    1.092  0.912 -0.218  0.264
  1.106  0.412 -0.525  0.731    1.531  0.436 -0.675  1.207
  0.908  0.071  0.756 -0.067    1.011  0.106  0.859  0.174
  0.616 -0.301  0.013 -0.213    0.885 -0.559 -0.053 -0.473
  1.187  0.175 -0.830  0.667    1.662  0.232 -1.361  0.781
  1.505  0.733  0.950  0.763    0.999  0.366  0.640  0.459
  0.619 -0.243  0.085  0.271    0.893 -0.461  0.281  0.512
  0.831  0.340  0.560  0.136    1.118  0.429  0.906  0.004
  1.079  0.477 -0.711 -0.433    1.173  0.388 -0.697 -0.704
  1.433  0.133 -0.705  1.138    1.469  0.141 -0.936  1.009
  0.844 -0.371  0.549  0.173    0.894 -0.258  0.699 -0.010
  0.923  0.083 -0.616  0.472    0.764  0.058 -0.318  0.486
  0.666 -0.386 -0.186 -0.129    0.569 -0.274 -0.017  0.068
  1.278 -1.109  0.168 -0.365    0.868 -0.641  0.219 -0.227
  2.070  0.454  0.865  1.757    1.255  0.204  0.459  1.038
  0.967 -0.541 -0.321 -0.544    0.721 -0.193 -0.271 -0.406
  0.646 -0.295  0.289 -0.052    0.949 -0.520  0.589 -0.195
  1.198 -0.692 -0.018  0.844    0.984 -0.631 -0.150  0.552
  0.875 -0.141  0.697  0.131    1.546 -0.212  1.441  0.158
  0.721  0.246 -0.323  0.334    0.950  0.536 -0.496  0.352
  0.649  0.272  0.294 -0.129    0.748  0.424  0.362  0.065
  1.060  0.486 -0.322  0.735    1.523  0.828 -0.234  1.156
  1.305 -0.664 -0.833 -0.569    0.900 -0.487 -0.492 -0.294
  0.766  0.093 -0.577  0.040    0.636 -0.094 -0.383 -0.069
  1.014  0.245 -0.835  0.162    0.856  0.324 -0.565  0.253
  1.009  0.518 -0.563 -0.436    1.195  0.600 -0.498 -0.760
  1.107 -0.610  0.753  0.207    1.459 -0.888  0.931  0.480
  0.580  0.260  0.066 -0.145    0.594  0.149 -0.112 -0.273
  0.923  0.759  0.015  0.180    1.225  1.121  0.010  0.009
  1.051  0.879 -0.204  0.215    1.242  1.032 -0.464  0.139
  1.241  0.504 -0.474  0.904    1.279  0.550 -0.699  0.775
  0.782 -0.181 -0.353  0.459    1.046 -0.272 -0.426  0.772
  0.929  0.756 -0.220 -0.017    1.324  1.217 -0.149  0.071
  1.389 -0.217  1.222  0.383    1.160 -0.380  0.920  0.334
  1.028  0.492  0.336 -0.678    1.058  0.285  0.294 -0.842
  1.105 -0.401 -0.523 -0.737    1.067 -0.321 -0.693 -0.557
  1.083  0.832 -0.171  0.456    1.126  0.773 -0.417  0.503
  1.436 -1.152  0.663  0.228    1.001 -0.674  0.522  0.177
  0.985 -0.769  0.067  0.363    0.829 -0.541 -0.131  0.366
  1.066  0.665 -0.649 -0.170    0.991  0.730 -0.396 -0.222
  0.657  0.186  0.133 -0.367    0.709  0.415  0.016 -0.292
  0.853  0.261 -0.645  0.010    0.795 -0.002 -0.609  0.132
  0.867  0.537 -0.183 -0.430    1.002  0.634  0.027 -0.599
  1.622  0.413 -0.106  1.486    1.653  0.270  0.105  1.551
  0.971 -0.384  0.178  0.721    0.989 -0.592  0.210  0.583
  1.752  0.584  0.318  1.544    1.168  0.395  0.101  0.977
  1.216 -0.079 -0.968 -0.540    0.903 -0.180 -0.590 -0.437
  1.351  1.235  0.132 -0.198    1.045  0.868  0.278 -0.135
  1.041  0.719 -0.134 -0.553    0.777  0.461 -0.227 -0.310
  1.518  1.162  0.491  0.685    1.186  0.792  0.278  0.678
  0.929 -0.183  0.759  0.100    1.053 -0.063  0.922 -0.109
  0.737 -0.200 -0.468 -0.200    0.953 -0.480 -0.548 -0.366
  0.974 -0.011 -0.801 -0.254    0.681 -0.019 -0.464 -0.064
  0.504 -0.082  0.034 -0.049    0.561  0.026 -0.247 -0.097
  0.715  0.407  0.291 -0.132    0.755  0.482  0.200  0.232
  1.110  0.455 -0.130  0.874    1.186  0.257 -0.101  1.042
  0.905  0.625  0.407  0.141    0.661  0.407  0.153  0.062
  0.993 -0.695  0.185 -0.474    0.913 -0.646 -0.075 -0.408
  1.193  0.271 -0.916  0.517    1.664  0.708 -1.253  0.673
  1.707  0.711  0.659  1.316    1.297  0.355  0.566  0.995
  1.797  1.512 -0.088  0.832    1.168  0.890 -0.066  0.568
  1.422 -0.835 -0.404  0.958    1.250 -0.815 -0.487  0.647
  1.244 -0.349 -0.051  1.086    1.897 -0.624 -0.115  1.719
  1.463  1.109  0.594  0.560    1.390  0.960  0.468  0.740
  0.826 -0.191 -0.073 -0.630    0.794 -0.285  0.141 -0.534
  0.935  0.479 -0.619  0.139    0.953  0.669 -0.441  0.153
  1.017 -0.505  0.523  0.512    1.119 -0.615  0.293  0.738
  1.115 -0.361  0.514  0.778    0.999 -0.115  0.455  0.731
  1.202 -0.120 -0.539  0.947    0.846 -0.324 -0.260  0.547
  1.651  1.147  0.622  0.883    1.616  1.065  0.415  1.030
  0.988  0.555  0.051 -0.649    1.107  0.789 -0.091 -0.593
  1.381  0.696 -0.931  0.559    1.413  0.561 -0.912  0.779
  0.961 -0.060  0.283 -0.773    0.935 -0.052  0.483 -0.628
  0.831 -0.451  0.275  0.408    1.270 -0.791  0.575  0.643
  0.799  0.503  0.312 -0.209    0.581  0.176  0.219 -0.121
  1.080  0.174 -0.937  0.117    0.772  0.222 -0.547  0.060
  1.513  0.204 -0.572  1.295    1.149 -0.014 -0.465  0.928
  1.106  0.842  0.352 -0.382    0.899  0.713  0.124 -0.203
  1.354 -1.257 -0.030  0.093    1.028 -0.883  0.146  0.115
  1.008  0.422  0.300  0.709    1.512  0.540  0.502  1.224
  0.927 -0.164 -0.698  0.318    0.927 -0.005 -0.770  0.154
  1.632  1.025  0.054  1.168    1.248  0.583  0.099  0.981
  0.977 -0.201 -0.818 -0.031    1.489 -0.371 -1.343 -0.175
  1.285  1.147  0.230  0.195    1.120  0.900  0.268  0.359
  1.156  0.171  0.574  0.858    0.952  0.375  0.397  0.604
  0.645  0.399 -0.047 -0.107    1.146  0.978 -0.336 -0.016
  1.023  0.281  0.842 -0.124    1.242  0.453  1.039  0.111
  0.697 -0.008  0.479  0.114    0.932 -0.225  0.732  0.194
  1.008  0.776  0.405 -0.073    1.211  1.066  0.292  0.044
  1.092  0.119  0.889  0.380    1.340  0.398  1.045  0.551
  0.903 -0.418 -0.305  0.551    0.720 -0.141 -0.182  0.470
  0.749 -0.043 -0.562 -0.003    1.162  0.289 -0.995 -0.182
  0.756 -0.308  0.481  0.044    0.925 -0.631  0.461 -0.035
  0.777  0.458  0.075 -0.379    0.870  0.259  0.354 -0.566
  1.536 -0.455 -0.211  1.365    1.103 -0.177 -0.079  0.967
  0.578 -0.044 -0.192 -0.226    0.853 -0.227 -0.596 -0.278
  0.770 -0.425 -0.149  0.383    0.850 -0.609  0.034  0.327
  1.286  1.111  0.383  0.166    1.206  1.006  0.438 -0.075
  0.790  0.381  0.296 -0.385    1.006  0.471  0.608 -0.420
  1.246  0.512 -0.567  0.851    0.845  0.273 -0.288  0.559
  0.904 -0.116 -0.546  0.512    1.317 -0.362 -0.837  0.812
  0.829  0.588 -0.304  0.076    1.050  0.874 -0.205  0.230
  0.664  0.242 -0.326  0.182    0.979  0.532 -0.556  0.351
  1.412 -0.866 -0.995  0.105    0.927 -0.474 -0.620  0.078
  0.895 -0.101  0.439  0.596    0.716  0.106  0.238  0.449
  0.727 -0.518  0.085  0.093    1.074 -0.938  0.168  0.047
  1.573 -1.185 -0.255  0.872    1.014 -0.722 -0.200  0.473
  1.259 -0.515  0.746  0.720    1.212 -0.528  0.848  0.477
  0.968 -0.085 -0.079 -0.825    0.977 -0.204  0.153 -0.804
  0.611  0.105  0.200  0.280    0.738 -0.030  0.158  0.525
  1.464 -0.082 -0.806  1.116    1.331 -0.259 -0.811  0.896
  1.340  0.298  1.190 -0.214    0.906  0.085  0.746 -0.110
  1.706  0.467  1.099  1.114    1.131  0.253  0.748  0.641
  1.043 -0.329 -0.216  0.830    0.773 -0.100 -0.238  0.536
  1.123 -0.011 -0.965 -0.296    1.106 -0.099 -0.845 -0.507
  0.779  0.001  0.425  0.427    0.659 -0.057  0.407  0.149
  0.918 -0.155  0.522  0.551    0.730 -0.267  0.342  0.318
  0.778 -0.002  0.533 -0.278    1.217 -0.069  0.950 -0.575
  0.769  0.187  0.480 -0.288    0.798  0.002  0.432 -0.455
  1.391 -0.965  0.597  0.636    1.123 -0.922  0.208  0.351
  1.662  0.429 -1.037  1.123    1.023  0.136 -0.462  0.755
  1.233  0.216 -1.072  0.284    1.464  0.274 -1.350  0.026
  1.009  0.475 -0.738  0.076    0.979  0.563 -0.599  0.201
  0.949 -0.407 -0.588 -0.383    1.093 -0.653 -0.677 -0.256
  1.297 -0.418  0.158  1.113    1.311 -0.617  0.006  1.046
  1.379 -0.073 -0.703  1.076    1.056 -0.230 -0.473  0.772
  0.870 -0.493  0.256 -0.452    0.983 -0.753  0.067 -0.390
  0.767 -0.430  0.204  0.343    0.725 -0.196  0.247  0.427
  0.772 -0.057 -0.490 -0.331    0.944 -0.185 -0.485 -0.616
  0.786  0.167  0.550  0.209    0.914  0.002  0.649  0.411
  0.954 -0.201 -0.226 -0.758    0.920 -0.076 -0.415 -0.651
  1.150 -0.290  0.886  0.459    1.435 -0.587  1.125  0.454
  1.529 -0.926 -0.012  1.111    1.442 -1.028 -0.095  0.878
  0.996 -0.748  0.415  0.129    1.367 -0.962  0.695  0.466
  1.074  0.927  0.052  0.219    0.769  0.572  0.135  0.041
  1.089  0.520  0.581  0.579    1.710  0.823  0.964  1.036
  1.290 -0.566  1.048 -0.041    1.040 -0.330  0.838 -0.166
  0.702  0.219 -0.156  0.420    0.818  0.358 -0.385  0.385
  0.600 -0.074  0.238 -0.233    0.671  0.169  0.290 -0.306
  0.771  0.432  0.405 -0.036    0.778  0.517  0.237 -0.194
  1.902 -0.418  0.727  1.634    1.277 -0.188  0.433  1.079
  1.416  0.183  0.626  1.155    1.103 -0.045  0.511  0.843
  1.181  0.568 -0.725  0.549    1.745  0.787 -1.065  1.025
  1.360 -1.050  0.116  0.700    0.941 -0.693  0.163  0.368
  0.651  0.023 -0.037  0.421    0.953 -0.025 -0.002  0.815
  1.367 -0.817  0.457  0.865    1.194 -0.699  0.573  0.605
  0.655 -0.148 -0.333  0.229    0.915 -0.217 -0.510  0.534
  0.692 -0.200 -0.441 -0.028    0.769 -0.182 -0.471 -0.305
  0.594 -0.251 -0.169  0.132    0.651 -0.124 -0.175  0.366
  0.627  0.013 -0.040 -0.384    0.638 -0.226 -0.088 -0.324
  0.778  0.600 -0.020  0.018    0.680  0.429  0.117  0.146
  0.640  0.182 -0.300  0.206    0.887  0.188 -0.548  0.455
  1.014 -0.315  0.039 -0.826    0.897 -0.202  0.268 -0.669
  0.973  0.471 -0.687  0.093    1.328  0.563 -1.067  0.254
  0.660 -0.079  0.351 -0.251    0.940  0.004  0.764 -0.239
  1.422 -0.880  0.486  0.876    1.220 -0.869  0.250  0.652
  0.743 -0.210  0.514 -0.021    0.953 -0.269  0.722 -0.265
  1.459  0.328  1.237  0.496    1.050  0.242  0.871  0.204
  1.373  1.221  0.174  0.345    1.019  0.839  0.258  0.154
  1.212 -1.084 -0.112  0.194    0.878 -0.717 -0.106 -0.026
  0.814 -0.157  0.134 -0.613    0.832 -0.174 -0.096 -0.639
  1.155  0.075  0.548  0.886    1.017  0.211  0.568  0.651
  1.308  0.765  0.216  0.914    1.442  0.664  0.147  1.172
  0.684 -0.137  0.260  0.370    0.775 -0.282  0.084  0.520
  1.171 -0.522 -0.116  0.917    1.161 -0.324 -0.266  0.963
  0.604  0.308  0.071  0.146    0.841  0.648  0.032  0.207
  1.136  0.364 -0.956 -0.021    1.046  0.445 -0.780 -0.208
  1.290  0.268 -0.904  0.728    1.651  0.472 -1.304  0.748
  0.878 -0.469  0.433  0.346    1.272 -0.854  0.563  0.572
  0.655 -0.010  0.167  0.397    0.855  0.215  0.263  0.610
  0.674  0.407  0.189  0.095    0.573  0.185  0.223 -0.021
  0.992 -0.221 -0.495 -0.669    0.871 -0.078 -0.567 -0.433
  0.644  0.330 -0.181  0.171    0.610  0.112 -0.267  0.212
  1.074 -0.463  0.825 -0.121    1.207 -0.770  0.786 -0.064
  1.520  0.018  0.162  1.428    1.518  0.298  0.137  1.398
  1.172  0.814 -0.476  0.490    1.186  0.569 -0.754  0.519
  0.865 -0.464 -0.534 -0.058    0.748 -0.198 -0.510 -0.131
  1.415  0.784  0.891  0.591    1.141  0.461  0.816  0.422
  1.134 -0.915 -0.432 -0.140    1.051 -0.863 -0.205 -0.270
  0.507  0.090 -0.067 -0.024    0.677  0.455  0.027 -0.081
  1.024 -0.862  0.143  0.202    1.215 -1.026 -0.014  0.426
  0.667  0.119 -0.248  0.355    0.795 -0.066 -0.216  0.581
  1.597  1.281 -0.520  0.628    1.287  1.071 -0.419  0.302
  0.853  0.450 -0.026  0.530    1.239  0.629 -0.106  0.941
  0.891  0.240  0.663  0.230    1.258  0.188  1.013  0.527
  1.355  0.760  0.782  0.636    1.219  0.814  0.618  0.444
  0.890 -0.112  0.575 -0.453    0.873 -0.338  0.522 -0.364
  1.295  0.886  0.443  0.672    1.407  1.009  0.236  0.814
  1.155 -0.365  0.390  0.897    1.748 -0.491  0.442  1.541
  1.141 -0.785 -0.077 -0.660    0.803 -0.453  0.069 -0.437
  1.042  0.762 -0.215 -0.464    1.365  0.884 -0.442 -0.803
  1.336  0.822 -0.914  0.169    1.512  1.130 -0.861  0.154
  0.866  0.542  0.235 -0.397    0.913  0.718  0.165 -0.217
  1.115  0.219  0.876  0.430    1.240 -0.009  1.049  0.441
  1.143 -0.199  0.340  0.953    1.726 -0.233  0.680  1.490
  1.061  0.371  0.459  0.730    0.793  0.328  0.366  0.379
  1.048  0.085  0.758 -0.522    1.102 -0.004  0.653 -0.738
  1.216  0.675  0.045  0.881    1.782  1.145 -0.046  1.272
  0.748  0.499 -0.093  0.241    0.839  0.549 -0.351  0.189
  1.720  0.597  0.983  1.180    1.284  0.290  0.478  1.045
  1.235  1.063 -0.148  0.361    1.175  0.899 -0.115  0.562
  0.814 -0.642 -0.041 -0.069    0.798 -0.551 -0.010 -0.298
  1.217 -0.167  0.410  1.021    2.094 -0.377  0.522  1.930
  1.453  1.031  0.471  0.764    1.097  0.816  0.192  0.507
  1.099  0.618  0.200 -0.736    0.817  0.310  0.053 -0.570
  0.738  0.230 -0.388 -0.312    0.947  0.195 -0.713 -0.328
  0.990  0.708 -0.144  0.463    1.525  0.983 -0.319  1.007
  1.057 -0.069  0.891 -0.274    1.227 -0.246  1.090 -0.107
  0.642 -0.293  0.289 -0.005    0.513 -0.131  0.037  0.034
  0.907  0.715  0.112 -0.235    1.227  1.074  0.294 -0.142
  0.625 -0.046 -0.282  0.255    0.782 -0.080 -0.258  0.543
  1.257 -0.062 -1.118 -0.288    1.003  0.054 -0.793 -0.361
  1.349 -1.055 -0.679 -0.037    1.008 -0.706 -0.502  0.146